
k1++


k1

$$$$



0 0 0 0 
1

k1++


k1

$$$$


0 0 0 0 
14 1 0 4 
2

k1++


k1

$$$$

0 0 0 0 
14 1 0 4 
14 2 1 100 
3

k1++


k1
0 0 0 0 
$$$$

14 1 0 4 
14 2 1 100 
14 3 2 100 
4

k1++
0 0 0 0 

k1
14 1 0 4 
$$$$
14 1 0 4 
14 2 1 100 
14 3 2 100 
14 4 1 1000 
5
0 1 4 
k1++
14 1 0 4 
0 1 4 
k1
14 2 1 100 
$$$$
14 2 4 100 
14 3 2 100 
14 4 1 1000 
23 5 4 4 
6
0 2 104 
k1++
14 2 1 100 
0 2 104 
k1
14 3 2 100 
$$$$
14 3 104 100 
14 4 1 1000 
23 5 4 4 
15 31 0 1 
7
0 3 204 
k1++
14 3 2 100 
0 3 204 
k1
14 4 1 1000 
$$$$
14 4 4 1000 
23 5 4 4 
15 31 0 1 
11 1 0 0 
8
0 4 1004 
k1++
14 4 1 1000 
0 4 1004 
k1
23 5 4 4 
$$$$
23 5 1004 1004 
15 31 0 1 
11 1 0 0 
15 26 1 1 
9
0 5 1008016 
k1++
23 5 4 4 
0 5 1008016 
k1
15 31 0 1 
$$$$
15 31 0 4 
11 1 0 0 
15 26 1 1 
0 0 0 0 
10
0 31 4 
k1++
15 31 0 1 
0 31 4 
k1
11 1 0 0 
$$$$
11 1 0 0 
15 26 1 1 
0 0 0 0 
0 0 0 0 
11
0 1 1 
k1++
11 1 0 0 
0 1 1 
k1
15 26 1 1 
$$$$
15 26 1 1 
0 0 0 0 
0 0 0 0 
0 0 0 0 
12
0 26 2 
k1++
15 26 1 1 
0 26 2 
k1
0 0 0 0 
$$$$

0 0 0 0 
0 0 0 0 
0 0 0 0 
13
